1505	11055
1507	18569
1515	39999
1520	12099
1524	59780
1525	2339
1527	2008
1541	3041
1563	28310
1564	20773
1568	25956
1572	33731
1574	17085
1575	28840
1579	35042
1581	96307
1582	23466
1584	41136
1587	25631
1588	19503
1589	11047
1590	39768
1592	27105
1593	15609
1594	4301
1595	10664
1597	4192
1598	24298
1600	28881
1602	2500
1603	18712
1605	4957
1606	9231
1607	56135
1610	3462
1611	10093
1612	15078
1614	4811
1618	7612
1619	12858
1620	40494
1621	11481
1623	13648
1624	29200
1625	18484
1626	9634
1628	3890
1629	41987
1630	30464
1631	92440
1632	12129
1634	15154
1635	42651
1636	7169
1637	62945
1638	55336
1640	20094
1641	11684
1642	31190
1643	35110
1644	95465
1645	48797
1646	12988
1647	42238
1648	55406
1649	36163
1650	35806
1651	44382
1652	29947
1653	50639
1654	12234
1655	47673
1656	90435
1657	47461
1658	112024
1659	75794
1660	32801
1661	25855
1662	49931
1663	26306
1664	46310
1665	37600
1666	19896
1667	77106
1668	91126
1669	48123
1670	71593
1671	29644
1672	57927
1673	99715
1674	25007
1675	129861
1676	150508
1677	83581
1678	130552
1679	122441
1680	114178
1681	199831
1682	176512
1683	208288
1684	125871
1685	169201
1686	108822
1687	100102
1688	175944
1689	110392
1690	75648
1691	50871
1692	125492
1693	98310
1694	141510
1695	85842
1696	96671
1697	85828
1698	197286
1699	163372
1700	199523
1701	252004
1702	254434
1703	207811
1704	229996
1705	251340
1706	274837
1707	250396
1708	294358
1709	208351
1710	287195
1711	298841
1712	225269
1713	250350
1714	278155
1715	294918
1716	238743
1717	260237
1718	253412
1719	230512
1720	318512
1721	274200
1722	333985
1723	331868
1724	340017
1725	418622
1726	411381
1727	460024
1728	407653
1729	386595
1730	429885
1731	406938
1732	358418
1733	263212
1734	356357
1735	318541
1736	314685
1737	470356
1738	382108
1739	376478
1740	407649
1741	301539
1742	370932
1743	326872
1744	392619
1745	312358
1746	313950
1747	456690
1748	430518
1749	386273
1750	524869
1751	509843
1752	435603
1753	507093
1754	491655
1755	502464
1756	320196
1757	408046
1758	455210
1759	540662
1760	428545
1761	461714
1762	398509
1763	489709
1764	494743
1765	449532
1766	636616
1767	505015
1768	585878
1769	537786
1770	540177
1771	473750
1772	489976
1773	487798
1774	491406
1775	602531
1776	666774
1777	576371
1778	537237
1779	492526
1780	505606
1781	580878
1782	592140
1783	555424
1784	583224
1785	603100
1786	660263
1787	744461
1788	796614
1789	716004
1790	733134
1791	786056
1792	820646
1793	777603
1794	839747
1795	863812
1796	922013
1797	884151
1798	852688
1799	873069
1800	1063252
1801	1282693
1802	1224536
1803	1277003
1804	1337142
1805	1482672
1806	1385475
1807	1494167
1808	1387163
1809	1500943
1810	1565222
1811	1705770
1812	1697288
1813	1563895
1814	1729299
1815	1552778
1816	1553744
1817	1648155
1818	1796900
1819	1715480
1820	1848842
1821	1659995
1822	1950820
1823	1867845
1824	2114830
1825	2078372
1826	1824093
1827	1786237
1828	1821709
1829	1965487
1830	1985386
1831	2013191
1832	1959388
1833	1824926
1834	1964157
1835	2094127
1836	2135997
1837	1946129
1838	2066467
1839	2292860
1840	2371735
1841	2296939
1842	2127349
1843	2319337
1844	2427941
1845	2533039
1846	2614903
1847	2622585
1848	2614757
1849	2602061
1850	2759525
1851	2856579
1852	2897095
1853	2987641
1854	3272149
1855	3089123
1856	3082772
1857	3040846
1858	2962923
1859	3125528
1860	3131450
1861	2727424
1862	2482986
1863	2600866
1864	2888627
1865	2794172
1866	2969247
1867	2944812
1868	3073660
1869	3112331
1870	3117924
1871	3129313
1872	3213869
1873	3240271
1874	3321246
1875	3426309
1876	3557093
1877	3478968
1878	3483671
1879	3431437
1880	3796821
1881	3743085
1882	3982355
1883	4130461
1884	4063731
1885	4003569
1886	3758821
1887	3788368
1888	3902911
1889	3886282
1890	3914766
1891	4063547
1892	4229180
1893	4221250
1894	3981632
1895	4417974
1896	4502300
1897	4427562
1898	4589441
1899	4735771
1900	5004126
1901	4826796
1902	5142775
1903	4925308
1904	5174224
1905	5188623
1906	5365269
1907	5420649
1908	5353459
1909	5123495
1910	5359455
1911	5247605
1912	5555553
1913	5231066
1914	5231668
1915	4916357
1916	4812913
1917	4768428
1918	4398037
1919	4711836
1920	5428840
1921	5089663
1922	5536413
1923	5414150
1924	5237382
1925	5476915
1926	5389817
1927	5862302
1928	5870874
1929	5608265
1930	5857971
1931	5817007
1932	5460223
1933	5195944
1934	5439370
1935	5841771
1936	5981471
1937	6041304
1938	6157610
1939	6076251
1940	5947730
1941	5600650
1942	5489436
1943	5068705
1944	4785466
1945	5162622
1946	5985263
1947	6603238
1948	6975779
1949	7369983
1950	7316934
1951	7410637
1952	7501959
1953	7531999
1954	7601851
1955	7857939
1956	8121309
1957	8430330
1958	8695796
1959	8854250
1960	9397369
1961	9887362
1962	10405010
1963	10711925
1964	10897346
1965	11268442
1966	11761132
1967	12115069
1968	12539630
1969	12797729
1970	12950091
1971	13019075
1972	13194927
1973	13048306
1974	13248348
1975	13378508
1976	13633121
1977	13853238
1978	13976259
1979	14143105
1980	14213693
1981	14261535
1982	14539387
1983	14751514
1984	15047096
1985	15235298
1986	15582158
1987	15695037
1988	15986572
1989	16290892
1990	16613567
1991	16537198
1992	17035416
1993	16975241
1994	17346131
1995	17470529
1996	17918523
1997	17901386
1998	18096509
1999	18445125
2000	18869831
2001	18879724
2002	19112435
2003	19538595
2004	19844403
2005	19510978
2006	19952152
2007	19804152
2008	20355300
