1505	7.6791277
1507	7.5630984
1515	8.6602545
1520	8.522854
1524	8.817625
1525	8.042109
1527	7.9688277
1541	7.8571744
1563	9.001031
1564	8.090698
1568	8.130318
1572	8.881
1574	8.632697
1575	8.740204
1579	8.905189
1581	8.539615
1582	8.60087
1584	8.579837
1587	9.00187
1588	8.113668
1589	8.273767
1590	8.999552
1592	8.471331
1593	8.392691
1594	8.33685
1595	7.98451
1597	7.6840734
1598	8.055112
1600	8.996821
1602	7.587649
1603	8.118238
1605	8.06813
1606	8.12695
1607	9.116628
1610	7.8352184
1611	8.253458
1612	7.982566
1614	8.39028
1618	8.291064
1619	8.04572
1620	8.507992
1621	8.22984
1623	8.259853
1624	8.7588825
1625	8.523059
1626	8.580114
1628	7.9751496
1629	8.295033
1630	8.100576
1631	7.5722785
1632	8.309969
1634	8.396275
1635	8.702658
1636	8.048514
1637	8.868451
1638	8.050486
1640	8.03264
1641	8.138366
1642	8.189082
1643	8.856115
1644	8.31659
1645	8.404041
1646	8.576913
1647	8.640645
1648	8.818331
1649	8.761759
1650	8.395767
1651	8.443809
1652	8.376447
1653	8.3565
1654	8.464621
1655	8.444954
1656	8.113909
1657	8.652699
1658	8.337177
1659	8.381851
1660	8.33199
1661	8.322858
1662	8.508488
1663	8.696618
1664	8.510454
1665	8.5232935
1666	8.169455
1667	8.558539
1668	8.646996
1669	8.587364
1670	8.341877
1671	8.262215
1672	8.065977
1673	8.609623
1674	8.163564
1675	8.491734
1676	8.440002
1677	8.574095
1678	8.451379
1679	8.533822
1680	8.672191
1681	8.465032
1682	8.4835615
1683	8.484273
1684	8.578548
1685	8.527573
1686	8.531792
1687	8.317799
1688	8.521786
1689	8.506114
1690	8.583077
1691	8.498882
1692	8.578796
1693	8.697314
1694	8.346
1695	8.313888
1696	8.4622
1697	8.437085
1698	8.600337
1699	8.560005
1700	8.53394
1701	8.51688
1702	8.572187
1703	8.528638
1704	8.518336
1705	8.672232
1706	8.499131
1707	8.547957
1708	8.537008
1709	8.504825
1710	8.445067
1711	8.435553
1712	8.513155
1713	8.748366
1714	8.552896
1715	8.503496
1716	8.569912
1717	8.586406
1718	8.538905
1719	8.591731
1720	8.532079
1721	8.509988
1722	8.558827
1723	8.533702
1724	8.658272
1725	8.589706
1726	8.611388
1727	8.633124
1728	8.608677
1729	8.6272955
1730	8.643512
1731	8.673043
1732	8.68891
1733	8.679417
1734	8.659678
1735	8.6079
1736	8.659154
1737	8.754954
1738	8.688654
1739	8.641569
1740	8.734541
1741	8.713611
1742	8.595447
1743	8.763364
1744	8.680219
1745	8.679933
1746	8.734979
1747	8.664515
1748	8.566112
1749	8.62424
1750	8.785836
1751	8.748598
1752	8.793151
1753	8.825437
1754	8.679751
1755	8.694179
1756	8.775336
1757	8.735746
1758	8.720191
1759	8.640517
1760	8.730174
1761	8.674603
1762	8.696699
1763	8.727487
1764	8.7107725
1765	8.705608
1766	8.776491
1767	8.697054
1768	8.680178
1769	8.716188
1770	8.746702
1771	8.755828
1772	8.757861
1773	8.7402
1774	8.733872
1775	8.726389
1776	8.768518
1777	8.796005
1778	8.750303
1779	8.714124
1780	8.761382
1781	8.703488
1782	8.760289
1783	8.787588
1784	8.755024
1785	8.796377
1786	8.788329
1787	8.767749
1788	8.793235
1789	8.751479
1790	8.845488
1791	8.821167
1792	8.875225
1793	8.8487015
1794	8.850816
1795	8.806903
1796	8.83138
1797	8.792601
1798	8.849932
1799	8.857909
1800	8.914196
1801	8.960354
1802	8.86054
1803	8.907669
1804	8.880411
1805	8.918701
1806	8.873965
1807	8.876783
1808	8.8945
1809	8.968481
1810	8.90928
1811	8.921512
1812	8.971377
1813	8.963173
1814	8.985545
1815	8.992879
1816	8.99857
1817	9.00633
1818	9.042387
1819	9.028632
1820	9.022479
1821	9.0400305
1822	9.068816
1823	9.034814
1824	9.119756
1825	9.104838
1826	9.115154
1827	9.086348
1828	9.112325
1829	9.17047
1830	9.144728
1831	9.215205
1832	9.19045
1833	9.229436
1834	9.198261
1835	9.244112
1836	9.254352
1837	9.216421
1838	9.272446
1839	9.279803
1840	9.265228
1841	9.26834
1842	9.278648
1843	9.259463
1844	9.289151
1845	9.284227
1846	9.287051
1847	9.29498
1848	9.322584
1849	9.287475
1850	9.33691
1851	9.3374815
1852	9.343367
1853	9.330852
1854	9.320294
1855	9.324015
1856	9.312719
1857	9.332252
1858	9.353587
1859	9.315839
1860	9.320225
1861	9.314036
1862	9.310325
1863	9.334884
1864	9.365098
1865	9.365596
1866	9.360651
1867	9.347871
1868	9.373879
1869	9.369865
1870	9.37085
1871	9.395439
1872	9.371506
1873	9.387987
1874	9.386605
1875	9.373539
1876	9.407651
1877	9.401633
1878	9.417445
1879	9.419981
1880	9.438246
1881	9.406641
1882	9.452757
1883	9.45985
1884	9.457338
1885	9.458582
1886	9.471397
1887	9.476469
1888	9.4901495
1889	9.466537
1890	9.49077
1891	9.478082
1892	9.491165
1893	9.536876
1894	9.5099745
1895	9.551243
1896	9.567698
1897	9.559452
1898	9.573346
1899	9.563291
1900	9.57828
1901	9.592207
1902	9.595379
1903	9.611146
1904	9.606944
1905	9.625446
1906	9.617309
1907	9.6315565
1908	9.638882
1909	9.6513815
1910	9.672335
1911	9.66899
1912	9.689227
1913	9.689896
1914	9.698999
1915	9.682174
1916	9.692462
1917	9.680541
1918	9.685295
1919	9.682756
1920	9.699633
1921	9.691664
1922	9.705392
1923	9.733774
1924	9.729754
1925	9.750936
1926	9.738262
1927	9.773943
1928	9.80298
1929	9.794535
1930	9.807559
1931	9.798026
1932	9.825171
1933	9.829187
1934	9.819148
1935	9.843659
1936	9.851664
1937	9.866008
1938	9.873646
1939	9.879937
1940	9.8773985
1941	9.859216
1942	9.843534
1943	9.803792
1944	9.812077
1945	9.842352
1946	9.853136
1947	9.874647
1948	9.898705
1949	9.900271
1950	9.899065
1951	9.914703
1952	9.924158
1953	9.939611
1954	9.936402
1955	9.9512005
1956	9.964937
1957	9.997627
1958	9.995018
1959	10.005988
1960	10.022827
1961	10.0230055
1962	10.03408
1963	10.037696
1964	10.059938
1965	10.074087
1966	10.0755205
1967	10.087049
1968	10.104006
1969	10.1020155
1970	10.10862
1971	10.126822
1972	10.119216
1973	10.122636
1974	10.125512
1975	10.136398
1976	10.135675
1977	10.143528
1978	10.145889
1979	10.158558
1980	10.162649
1981	10.173611
1982	10.187699
1983	10.191699
1984	10.19112
1985	10.19648
1986	10.20354
1987	10.205611
1988	10.215577
1989	10.218873
1990	10.234264
1991	10.237369
1992	10.234113
1993	10.239268
1994	10.244525
1995	10.245762
1996	10.248913
1997	10.255908
1998	10.267066
1999	10.265448
2000	10.275206
2001	10.274185
2002	10.278102
2003	10.269845
2004	10.279514
2005	10.282111
2006	10.291816
2007	10.293909
2008	10.246267
