1505	27287
1507	47265
1515	108169
1520	31971
1524	163004
1525	6075
1527	4874
1541	7776
1563	83367
1564	55696
1568	64451
1572	93747
1574	45690
1575	77471
1579	96934
1581	274171
1582	67048
1584	108506
1587	72914
1588	48851
1589	28434
1590	112363
1592	72757
1593	40167
1594	10820
1595	25477
1597	9524
1598	61857
1600	72432
1602	5567
1603	46751
1605	12435
1606	22941
1607	159501
1610	8467
1611	25206
1612	38575
1614	12532
1618	18740
1619	33279
1620	108754
1621	29481
1623	34477
1624	81071
1625	51538
1626	26644
1628	9702
1629	110279
1630	78186
1631	236374
1632	32297
1634	39496
1635	122713
1636	17670
1637	166841
1638	139877
1640	49683
1641	30932
1642	80027
1643	95570
1644	248761
1645	126158
1646	35298
1647	118724
1648	154395
1649	98502
1650	94000
1651	120504
1652	78466
1653	134968
1654	34223
1655	127799
1656	234128
1657	134038
1658	309726
1659	201934
1660	88313
1661	70079
1662	137019
1663	72558
1664	123508
1665	101951
1666	53422
1667	211045
1668	251745
1669	130812
1670	187906
1671	79906
1672	149832
1673	272664
1674	64066
1675	346188
1676	402005
1677	232510
1678	351279
1679	349154
1680	316407
1681	546511
1682	479723
1683	560064
1684	333155
1685	453974
1686	297244
1687	265958
1688	476540
1689	298497
1690	204746
1691	139135
1692	336303
1693	266963
1694	375377
1695	227791
1696	260604
1697	227979
1698	538219
1699	442369
1700	538736
1701	686537
1702	691237
1703	553573
1704	614342
1705	685484
1706	733601
1707	677949
1708	792488
1709	558103
1710	767821
1711	796183
1712	614154
1713	676934
1714	744585
1715	793323
1716	639822
1717	699846
1718	676795
1719	619056
1720	855280
1721	730022
1722	900217
1723	868156
1724	947039
1725	1143487
1726	1141255
1727	1267160
1728	1128366
1729	1063563
1730	1193704
1731	1121704
1732	999432
1733	727697
1734	975517
1735	876955
1736	871354
1737	1354546
1738	1043353
1739	1029557
1740	1146512
1741	843912
1742	1003434
1743	893878
1744	1067155
1745	859218
1746	870908
1747	1236078
1748	1178281
1749	1045669
1750	1440773
1751	1428433
1752	1227555
1753	1434369
1754	1362008
1755	1397927
1756	893759
1757	1145632
1758	1279059
1759	1480372
1760	1177376
1761	1275894
1762	1091796
1763	1349031
1764	1358939
1765	1254067
1766	1767724
1767	1390342
1768	1626612
1769	1495529
1770	1497634
1771	1301001
1772	1339982
1773	1345300
1774	1356252
1775	1669409
1776	1858865
1777	1595684
1778	1492096
1779	1360398
1780	1400430
1781	1622293
1782	1647854
1783	1553648
1784	1600223
1785	1680106
1786	1847057
1787	2051937
1788	2224356
1789	1962438
1790	2036627
1791	2194527
1792	2294341
1793	2175566
1794	2311411
1795	2396380
1796	2564923
1797	2468409
1798	2360019
1799	2444226
1800	2956203
1801	3556734
1802	3379999
1803	3544127
1804	3723609
1805	4115595
1806	3876925
1807	4120595
1808	3864616
1809	4187943
1810	4345413
1811	4760119
1812	4695399
1813	4368848
1814	4819792
1815	4315225
1816	4369252
1817	4609425
1818	5020152
1819	4783654
1820	5156965
1821	4686509
1822	5502973
1823	5200086
1824	5980319
1825	5897865
1826	5213105
1827	5045472
1828	5206172
1829	5609487
1830	5613097
1831	5682907
1832	5458145
1833	5168597
1834	5552766
1835	5919423
1836	6080405
1837	5545926
1838	5924722
1839	6545521
1840	6773970
1841	6526901
1842	6053292
1843	6563521
1844	6911341
1845	7213695
1846	7413180
1847	7393239
1848	7431395
1849	7371827
1850	7814633
1851	8191177
1852	8248435
1853	8575175
1854	9284233
1855	8729208
1856	8682416
1857	8560009
1858	8475266
1859	8867576
1860	8825944
1861	7769749
1862	7027667
1863	7411655
1864	8234318
1865	7909138
1866	8384505
1867	8281030
1868	8606722
1869	8837878
1870	8864701
1871	8817930
1872	9118861
1873	9139513
1874	9407165
1875	9652519
1876	10018553
1877	9753245
1878	9797976
1879	9703908
1880	10741866
1881	10528793
1882	11213245
1883	11606271
1884	11347350
1885	11182474
1886	10498266
1887	10671708
1888	10947827
1889	10909443
1890	11019846
1891	11441009
1892	11914150
1893	11837770
1894	11148769
1895	12391107
1896	12713526
1897	12428186
1898	12878307
1899	13312180
1900	14023602
1901	13576131
1902	14282591
1903	13708591
1904	14380491
1905	14491538
1906	14905947
1907	15029610
1908	14846270
1909	14266059
1910	14933248
1911	14570951
1912	15387132
1913	14516900
1914	14489415
1915	13490704
1916	13195663
1917	13128496
1918	12058200
1919	13003389
1920	14939033
1921	14045063
1922	15252111
1923	14996417
1924	14479187
1925	15152903
1926	14956743
1927	16336256
1928	16392775
1929	15628575
1930	16298793
1931	16123965
1932	15205748
1933	14493214
1934	15057881
1935	16185307
1936	16642295
1937	16707212
1938	16993922
1939	16837343
1940	16469875
1941	15376020
1942	15114995
1943	13890376
1944	13266649
1945	14378707
1946	16737957
1947	18327173
1948	19453191
1949	20465567
1950	20338875
1951	20621643
1952	20922648
1953	21117971
1954	21192952
1955	21990724
1956	22837829
1957	23639601
1958	24541881
1959	24895314
1960	26456126
1961	27835412
1962	29399663
1963	30218816
1964	30858401
1965	31869189
1966	33250459
1967	34319906
1968	35535638
1969	36308602
1970	36723512
1971	36868995
1972	37386536
1973	36894970
1974	37455202
1975	37739665
1976	38523369
1977	39082354
1978	39470119
1979	39944591
1980	40058724
1981	40199485
1982	40956892
1983	41605591
1984	42399260
1985	42916411
1986	43915275
1987	44196832
1988	45053443
1989	45917229
1990	46844793
1991	46668366
1992	48017723
1993	47814301
1994	48890344
1995	49263095
1996	50606663
1997	50584021
1998	51204966
1999	52174464
2000	53476480
2001	53492055
2002	54139266
2003	55459120
2004	56473765
2005	55398723
2006	56809075
2007	56364672
2008	57977230
